84 80:7924
84:7924
33 84 80:7906
33 84:7906
33 80:7914
33:7914
87 84 80:7288
87 84:7288
87 33 84 80:7288
87 33 84:7288
87 33 80:7296
87 33:7296
87 80:7488
87:7488
35 84 80:6620
35 84:6620
35 33 80 84:6602
35 33 80:6602
35 33 84:6602
35 33:6602
35 87 84 80:6272
35 87 84:6272
35 87 33 80 84:6272
35 87 33 80:6272
35 87 33 84:6272
35 87 33:6272
35 87 80:6464
35 87:6464
35 80:6812
35:6812
38 84 80:5420
38 84:5420
38 33 80 84:5402
38 33 80:5402
38 33 84:5402
38 33:5402
38 87 84 80:4784
38 87 84:4784
38 87 33 80 84:4784
38 87 33 80:4784
38 87 33 84:4784
38 87 33:4784
38 87 80:4976
38 87:4976
38 35 84 80:4364
38 35 84:4364
38 35 33 80 84:4346
38 35 33 80:4346
38 35 33 84:4346
38 35 33:4346
38 35 87 84 80:4016
38 35 87 84:4016
38 35 87 33 80 84:4016
38 35 87 33 80:4016
38 35 87 33 84:4016
38 35 87 33:4016
38 35 87 80:4208
38 35 87:4208
38 35 80:4556
38 35:4556
38 80:5612
38:5612
56 84 80:4984
56 84:4984
56 33 80 84:4984
56 33 80:4984
56 33 84:4984
56 33:4984
56 87 84 80:4544
56 87 84:4544
56 87 33 80 84:4544
56 87 33 80:4544
56 87 33 84:4544
56 87 33:4544
56 87 80:4736
56 87:4736
56 35 84 80:4232
56 35 84:4232
56 35 33 80 84:4232
56 35 33 80:4232
56 35 33 84:4232
56 35 33:4232
56 35 87 84 80:3936
56 35 87 84:3936
56 35 87 33 80 84:3936
56 35 87 33 80:3936
56 35 87 33 84:3936
56 35 87 33:3936
56 35 87 80:4128
56 35 87:4128
56 35 80:4424
56 35:4424
56 38 84 80:3400
56 38 84:3400
56 38 33 80 84:3400
56 38 33 80:3400
56 38 33 84:3400
56 38 33:3400
56 38 87 84 80:2960
56 38 87 84:2960
56 38 87 33 80 84:2960
56 38 87 33 80:2960
56 38 87 33 84:2960
56 38 87 33:2960
56 38 87 80:3152
56 38 87:3152
56 38 35 84 80:2872
56 38 35 84:2872
56 38 35 33 80 84:2872
56 38 35 33 80:2872
56 38 35 33 84:2872
56 38 35 33:2872
56 38 35 87 84 80:2576
56 38 35 87 84:2576
56 38 35 87 33 80 84:2576
56 38 35 87 33 80:2576
56 38 35 87 33 84:2576
56 38 35 87 33:2576
56 38 35 87 80:2768
56 38 35 87:2768
56 38 35 80:3064
56 38 35:3064
56 38 80:3592
56 38:3592
56 80:5176
56:5176
60 84 80:4744
60 84:4744
60 33 80 84:4744
60 33 80:4744
60 33 84:4744
60 33:4744
60 87 84 80:4304
60 87 84:4304
60 87 33 80 84:4304
60 87 33 80:4304
60 87 33 84:4304
60 87 33:4304
60 87 80:4496
60 87:4496
60 35 84 80:3992
60 35 84:3992
60 35 33 80 84:3992
60 35 33 80:3992
60 35 33 84:3992
60 35 33:3992
60 35 87 84 80:3696
60 35 87 84:3696
60 35 87 33 80 84:3696
60 35 87 33 80:3696
60 35 87 33 84:3696
60 35 87 33:3696
60 35 87 80:3888
60 35 87:3888
60 35 80:4184
60 35:4184
60 38 84 80:3208
60 38 84:3208
60 38 33 80 84:3208
60 38 33 80:3208
60 38 33 84:3208
60 38 33:3208
60 38 87 84 80:2768
60 38 87 84:2768
60 38 87 33 80 84:2768
60 38 87 33 80:2768
60 38 87 33 84:2768
60 38 87 33:2768
60 38 87 80:2960
60 38 87:2960
60 38 35 84 80:2680
60 38 35 84:2680
60 38 35 33 80 84:2680
60 38 35 33 80:2680
60 38 35 33 84:2680
60 38 35 33:2680
60 38 35 87 80:2576
60 38 35 87:2576
60 38 35 80:2872
60 38 35:2872
60 38 80:3400
60 38:3400
60 56 84 80:3964
60 56 84:3964
60 56 33 80 84:3964
60 56 33 80:3964
60 56 33 84:3964
60 56 33:3964
60 56 87 84 80:3596
60 56 87 84:3596
60 56 87 33 80 84:3596
60 56 87 33 80:3596
60 56 87 33 84:3596
60 56 87 33:3596
60 56 87 80:3788
60 56 87:3788
60 56 35 84 80:3488
60 56 35 84:3488
60 56 35 33 80 84:3488
60 56 35 33 80:3488
60 56 35 33 84:3488
60 56 35 33:3488
60 56 35 87 84 80:3192
60 56 35 87 84:3192
60 56 35 87 33 80 84:3192
60 56 35 87 33 80:3192
60 56 35 87 33 84:3192
60 56 35 87 33:3192
60 56 35 87 80:3384
60 56 35 87:3384
60 56 35 80:3680
60 56 35:3680
60 56 38 84 80:2872
60 56 38 84:2872
60 56 38 33 80 84:2872
60 56 38 33 80:2872
60 56 38 33 84:2872
60 56 38 33:2872
60 56 38 87 84 80:2504
60 56 38 87 84:2504
60 56 38 87 33 80 84:2504
60 56 38 87 33 80:2504
60 56 38 87 33 84:2504
60 56 38 87 33:2504
60 56 38 87 80:2696
60 56 38 87:2696
60 56 38 35 84 80:2608
60 56 38 35 84:2608
60 56 38 35 33 80 84:2608
60 56 38 35 33 80:2608
60 56 38 35 33 84:2608
60 56 38 35 33:2608
60 56 38 35 87 80:2504
60 56 38 35 87:2504
60 56 38 35 80:2800
60 56 38 35:2800
60 56 38 80:3064
60 56 38:3064
60 56 80:4156
60 56:4156
60 80:4936
60:4936
20 84 80:4548
20 84:4548
20 33 84 80:4530
20 33 84:4530
20 33 80:4538
20 33:4538
20 87 84 80:4208
20 87 84:4208
20 87 33 84 80:4208
20 87 33 84:4208
20 87 33 80:4216
20 87 33:4216
20 87 80:4408
20 87:4408
20 35 84 80:3348
20 35 84:3348
20 35 33 80 84:3330
20 35 33 80:3330
20 35 33 84:3330
20 35 33:3330
20 35 87 84 80:3296
20 35 87 84:3296
20 35 87 33 80 84:3296
20 35 87 33 80:3296
20 35 87 33 84:3296
20 35 87 33:3296
20 35 87 80:3488
20 35 87:3488
20 35 80:3540
20 35:3540
20 38 80:2596
20 38:2596
20 80:4748
20:4748
53 35 80 87 33 84:3744
53 35 80 87 33:3744
53 35 80 87 84:3744
53 35 80 87:3744
53 35 80 33 84:3744
53 35 80 33:3744
53 35 80 84:3744
53 35 80:3744
53 35 87 33 84:3744
53 35 87 33:3744
53 35 87 84:3744
53 35 87:3744
53 35 33 84:3744
53 35 33:3744
53 35 84:3744
53 35:3744
53 38 80 87 33 84:2784
53 38 80 87 33:2784
53 38 80 87 84:2784
53 38 80 87:2784
53 38 80 33 84:2784
53 38 80 33:2784
53 38 80 84:2784
53 38 80:2784
53 38 87 33 84:2784
53 38 87 33:2784
53 38 87 84:2784
53 38 87:2784
53 38 33 84:2784
53 38 33:2784
53 38 84:2784
53 38:2784
53 56 35 80 87 33 84:2736
53 56 35 80 87 33:2736
53 56 35 80 87 84:2736
53 56 35 80 87:2736
53 56 35 80 33 84:2736
53 56 35 80 33:2736
53 56 35 80 84:2736
53 56 35 80:2736
53 56 35 87 33 84:2736
53 56 35 87 33:2736
53 56 35 87 84:2736
53 56 35 87:2736
53 56 35 33 84:2736
53 56 35 33:2736
53 56 35 84:2736
53 56 35:2736
53 56 80 87 33 84:3216
53 56 80 87 33:3216
53 56 80 87 84:3216
53 56 80 87:3216
53 56 80 33 84:3216
53 56 80 33:3216
53 56 80 84:3216
53 56 80:3216
53 56 87 33 84:3216
53 56 87 33:3216
53 56 87 84:3216
53 56 87:3216
53 56 33 84:3216
53 56 33:3216
53 56 84:3216
53 56:3216
53 60 35 80 87 33 84:2736
53 60 35 80 87 33:2736
53 60 35 80 87 84:2736
53 60 35 80 87:2736
53 60 35 80 33 84:2736
53 60 35 80 33:2736
53 60 35 80 84:2736
53 60 35 80:2736
53 60 35 87 33 84:2736
53 60 35 87 33:2736
53 60 35 87 84:2736
53 60 35 87:2736
53 60 35 33 84:2736
53 60 35 33:2736
53 60 35 84:2736
53 60 35:2736
53 60 56 80 87 33 84:2520
53 60 56 80 87 33:2520
53 60 56 80 87 84:2520
53 60 56 80 87:2520
53 60 56 80 33 84:2520
53 60 56 80 33:2520
53 60 56 80 84:2520
53 60 56 80:2520
53 60 56 87 33 84:2520
53 60 56 87 33:2520
53 60 56 87 84:2520
53 60 56 87:2520
53 60 56 33 84:2520
53 60 56 33:2520
53 60 56 84:2520
53 60 56:2520
53 60 80 87 33 84:3216
53 60 80 87 33:3216
53 60 80 87 84:3216
53 60 80 87:3216
53 60 80 33 84:3216
53 60 80 33:3216
53 60 80 84:3216
53 60 80:3216
53 60 87 33 84:3216
53 60 87 33:3216
53 60 87 84:3216
53 60 87:3216
53 60 33 84:3216
53 60 33:3216
53 60 84:3216
53 60:3216
53 20 80 87 33 84:2496
53 20 80 87 33:2496
53 20 80 87 84:2496
53 20 80 87:2496
53 20 80 33 84:2496
53 20 80 33:2496
53 20 80 84:2496
53 20 80:2496
53 20 87 33 84:2496
53 20 87 33:2496
53 20 87 84:2496
53 20 87:2496
53 20 33 84:2496
53 20 33:2496
53 20 84:2496
53 20:2496
53 80 87 33 84:4608
53 80 87 33:4608
53 80 87 84:4608
53 80 87:4608
53 80 33 84:4608
53 80 33:4608
53 80 84:4608
53 80:4608
53 87 33 84:4608
53 87 33:4608
53 87 84:4608
53 87:4608
53 33 84:4608
53 33:4608
53 84:4608
53:4608
69 87 80 33 84:3976
69 87 80 33:3976
69 87 80 84:3976
69 87 80:3976
69 87 33 84:3976
69 87 33:3976
69 87 84:3976
69 87:3976
69 35 87 80 33 84:2960
69 35 87 80 33:2960
69 35 87 80 84:2960
69 35 87 80:2960
69 35 87 33 84:2960
69 35 87 33:2960
69 35 87 84:2960
69 35 87:2960
69 35 80 33 84:3160
69 35 80 33:3160
69 35 80 84:3160
69 35 80:3160
69 35 33 84:3160
69 35 33:3160
69 35 84:3160
69 35:3160
69 38 80 33 84:2824
69 38 80 33:2824
69 38 80 84:2824
69 38 80:2824
69 38 33 84:2824
69 38 33:2824
69 38 84:2824
69 38:2824
69 56 87 80 33 84:2960
69 56 87 80 33:2960
69 56 87 80 84:2960
69 56 87 80:2960
69 56 87 33 84:2960
69 56 87 33:2960
69 56 87 84:2960
69 56 87:2960
69 56 35 80 33 84:2552
69 56 35 80 33:2552
69 56 35 80 84:2552
69 56 35 80:2552
69 56 35 33 84:2552
69 56 35 33:2552
69 56 35 84:2552
69 56 35:2552
69 56 80 33 84:3304
69 56 80 33:3304
69 56 80 84:3304
69 56 80:3304
69 56 33 84:3304
69 56 33:3304
69 56 84:3304
69 56:3304
69 60 87 80 33 84:2720
69 60 87 80 33:2720
69 60 87 80 84:2720
69 60 87 80:2720
69 60 87 33 84:2720
69 60 87 33:2720
69 60 87 84:2720
69 60 87:2720
69 60 56 80 33 84:2500
69 60 56 80 33:2500
69 60 56 80 84:2500
69 60 56 80:2500
69 60 56 33 84:2500
69 60 56 33:2500
69 60 56 84:2500
69 60 56:2500
69 60 80 33 84:3064
69 60 80 33:3064
69 60 80 84:3064
69 60 80:3064
69 60 33 84:3064
69 60 33:3064
69 60 84:3064
69 60:3064
69 53 80 33 84 87:2592
69 53 80 33 84:2592
69 53 80 33 87:2592
69 53 80 33:2592
69 53 80 84 87:2592
69 53 80 84:2592
69 53 80 87:2592
69 53 80:2592
69 53 33 84 87:2592
69 53 33 84:2592
69 53 33 87:2592
69 53 33:2592
69 53 84 87:2592
69 53 84:2592
69 53 87:2592
69 53:2592
69 80 33 84:4464
69 80 33:4464
69 80 84:4464
69 80:4464
69 33 84:4464
69 33:4464
69 84:4464
69:4464
78 87 80 33 84:3896
78 87 80 33:3896
78 87 80 84:3896
78 87 80:3896
78 87 33 84:3896
78 87 33:3896
78 87 84:3896
78 87:3896
78 35 87 80 33 84:2928
78 35 87 80 33:2928
78 35 87 80 84:2928
78 35 87 80:2928
78 35 87 33 84:2928
78 35 87 33:2928
78 35 87 84:2928
78 35 87:2928
78 35 80 33 84:3128
78 35 80 33:3128
78 35 80 84:3128
78 35 80:3128
78 35 33 84:3128
78 35 33:3128
78 35 84:3128
78 35:3128
78 38 80 33 84:2824
78 38 80 33:2824
78 38 80 84:2824
78 38 80:2824
78 38 33 84:2824
78 38 33:2824
78 38 84:2824
78 38:2824
78 56 87 80 33 84:2936
78 56 87 80 33:2936
78 56 87 80 84:2936
78 56 87 80:2936
78 56 87 33 84:2936
78 56 87 33:2936
78 56 87 84:2936
78 56 87:2936
78 56 35 80 33 84:2552
78 56 35 80 33:2552
78 56 35 80 84:2552
78 56 35 80:2552
78 56 35 33 84:2552
78 56 35 33:2552
78 56 35 84:2552
78 56 35:2552
78 56 80 33 84:3280
78 56 80 33:3280
78 56 80 84:3280
78 56 80:3280
78 56 33 84:3280
78 56 33:3280
78 56 84:3280
78 56:3280
78 60 87 80 33 84:2696
78 60 87 80 33:2696
78 60 87 80 84:2696
78 60 87 80:2696
78 60 87 33 84:2696
78 60 87 33:2696
78 60 87 84:2696
78 60 87:2696
78 60 56 80 33 84:2488
78 60 56 80 33:2488
78 60 56 80 84:2488
78 60 56 80:2488
78 60 56 33 84:2488
78 60 56 33:2488
78 60 56 84:2488
78 60 56:2488
78 60 80 33 84:3040
78 60 80 33:3040
78 60 80 84:3040
78 60 80:3040
78 60 33 84:3040
78 60 33:3040
78 60 84:3040
78 60:3040
78 53 80 33 84 87:2592
78 53 80 33 84:2592
78 53 80 33 87:2592
78 53 80 33:2592
78 53 80 84 87:2592
78 53 80 84:2592
78 53 80 87:2592
78 53 80:2592
78 53 33 84 87:2592
78 53 33 84:2592
78 53 33 87:2592
78 53 33:2592
78 53 84 87:2592
78 53 84:2592
78 53 87:2592
78 53:2592
78 69 87 80 33 84:3080
78 69 87 80 33:3080
78 69 87 80 84:3080
78 69 87 80:3080
78 69 87 33 84:3080
78 69 87 33:3080
78 69 87 84:3080
78 69 87:3080
78 69 56 80 33 84:2632
78 69 56 80 33:2632
78 69 56 80 84:2632
78 69 56 80:2632
78 69 56 33 84:2632
78 69 56 33:2632
78 69 56 84:2632
78 69 56:2632
78 69 80 33 84:3520
78 69 80 33:3520
78 69 80 84:3520
78 69 80:3520
78 69 33 84:3520
78 69 33:3520
78 69 84:3520
78 69:3520
78 80 33 84:4384
78 80 33:4384
78 80 84:4384
78 80:4384
78 33 84:4384
78 33:4384
78 84:4384
78:4384
110 84 80:3944
110 84:3944
110 33 80 84:3944
110 33 80:3944
110 33 84:3944
110 33:3944
110 87 84 80:3856
110 87 84:3856
110 87 33 80 84:3856
110 87 33 80:3856
110 87 33 84:3856
110 87 33:3856
110 87 80:3952
110 87:3952
110 35 84 80:3752
110 35 84:3752
110 35 33 80 84:3752
110 35 33 80:3752
110 35 33 84:3752
110 35 33:3752
110 35 87 84 80:3664
110 35 87 84:3664
110 35 87 33 80 84:3664
110 35 87 33 80:3664
110 35 87 33 84:3664
110 35 87 33:3664
110 35 87 80:3760
110 35 87:3760
110 35 80:3848
110 35:3848
110 20 84 80 87:2624
110 20 84 80:2624
110 20 84 87:2624
110 20 84:2624
110 20 33 80 87 84:2624
110 20 33 80 87:2624
110 20 33 80 84:2624
110 20 33 80:2624
110 20 33 87 84:2624
110 20 33 87:2624
110 20 33 84:2624
110 20 33:2624
110 20 35 84 80 87:2528
110 20 35 84 80:2528
110 20 35 84 87:2528
110 20 35 84:2528
110 20 35 33 80 87 84:2528
110 20 35 33 80 87:2528
110 20 35 33 80 84:2528
110 20 35 33 80:2528
110 20 35 33 87 84:2528
110 20 35 33 87:2528
110 20 35 33 84:2528
110 20 35 33:2528
110 20 35 80 87:2624
110 20 35 80:2624
110 20 35 87:2624
110 20 35:2624
110 20 80 87:2720
110 20 80:2720
110 20 87:2720
110 20:2720
110 53 35 80 87 33 84:2736
110 53 35 80 87 33:2736
110 53 35 80 87 84:2736
110 53 35 80 87:2736
110 53 35 80 33 84:2736
110 53 35 80 33:2736
110 53 35 80 84:2736
110 53 35 80:2736
110 53 35 87 33 84:2736
110 53 35 87 33:2736
110 53 35 87 84:2736
110 53 35 87:2736
110 53 35 33 84:2736
110 53 35 33:2736
110 53 35 84:2736
110 53 35:2736
110 53 80 87 33 84:2832
110 53 80 87 33:2832
110 53 80 87 84:2832
110 53 80 87:2832
110 53 80 33 84:2832
110 53 80 33:2832
110 53 80 84:2832
110 53 80:2832
110 53 87 33 84:2832
110 53 87 33:2832
110 53 87 84:2832
110 53 87:2832
110 53 33 84:2832
110 53 33:2832
110 53 84:2832
110 53:2832
110 80:4040
110:4040
94 84 80:3776
94 84:3776
94 33 80 84:3776
94 33 80:3776
94 33 84:3776
94 33:3776
94 87 84 80:3368
94 87 84:3368
94 87 33 80 84:3368
94 87 33 80:3368
94 87 33 84:3368
94 87 33:3368
94 87 80:3560
94 87:3560
94 35 84 80:3288
94 35 84:3288
94 35 33 80 84:3288
94 35 33 80:3288
94 35 33 84:3288
94 35 33:3288
94 35 87 84 80:3168
94 35 87 84:3168
94 35 87 33 80 84:3168
94 35 87 33 80:3168
94 35 87 33 84:3168
94 35 87 33:3168
94 35 87 80:3360
94 35 87:3360
94 35 80:3480
94 35:3480
94 38 84 80:3128
94 38 84:3128
94 38 33 80 84:3128
94 38 33 80:3128
94 38 33 84:3128
94 38 33:3128
94 38 87 84 80:2720
94 38 87 84:2720
94 38 87 33 80 84:2720
94 38 87 33 80:2720
94 38 87 33 84:2720
94 38 87 33:2720
94 38 87 80:2912
94 38 87:2912
94 38 35 84 80:2840
94 38 35 84:2840
94 38 35 33 80 84:2840
94 38 35 33 80:2840
94 38 35 33 84:2840
94 38 35 33:2840
94 38 35 87 84 80:2720
94 38 35 87 84:2720
94 38 35 87 33 80 84:2720
94 38 35 87 33 80:2720
94 38 35 87 33 84:2720
94 38 35 87 33:2720
94 38 35 87 80:2912
94 38 35 87:2912
94 38 35 80:3032
94 38 35:3032
94 38 80:3320
94 38:3320
94 56 84 80:3472
94 56 84:3472
94 56 33 80 84:3472
94 56 33 80:3472
94 56 33 84:3472
94 56 33:3472
94 56 87 84 80:3224
94 56 87 84:3224
94 56 87 33 80 84:3224
94 56 87 33 80:3224
94 56 87 33 84:3224
94 56 87 33:3224
94 56 87 80:3416
94 56 87:3416
94 56 35 84 80:3128
94 56 35 84:3128
94 56 35 33 80 84:3128
94 56 35 33 80:3128
94 56 35 33 84:3128
94 56 35 33:3128
94 56 35 87 84 80:3024
94 56 35 87 84:3024
94 56 35 87 33 80 84:3024
94 56 35 87 33 80:3024
94 56 35 87 33 84:3024
94 56 35 87 33:3024
94 56 35 87 80:3216
94 56 35 87:3216
94 56 35 80:3320
94 56 35:3320
94 56 38 84 80:2824
94 56 38 84:2824
94 56 38 33 80 84:2824
94 56 38 33 80:2824
94 56 38 33 84:2824
94 56 38 33:2824
94 56 38 87 84 80:2576
94 56 38 87 84:2576
94 56 38 87 33 80 84:2576
94 56 38 87 33 80:2576
94 56 38 87 33 84:2576
94 56 38 87 33:2576
94 56 38 87 80:2768
94 56 38 87:2768
94 56 38 35 84 80:2680
94 56 38 35 84:2680
94 56 38 35 33 80 84:2680
94 56 38 35 33 80:2680
94 56 38 35 33 84:2680
94 56 38 35 33:2680
94 56 38 35 87 84 80:2576
94 56 38 35 87 84:2576
94 56 38 35 87 33 80 84:2576
94 56 38 35 87 33 80:2576
94 56 38 35 87 33 84:2576
94 56 38 35 87 33:2576
94 56 38 35 87 80:2768
94 56 38 35 87:2768
94 56 38 35 80:2872
94 56 38 35:2872
94 56 38 80:3016
94 56 38:3016
94 56 80:3664
94 56:3664
94 60 84 80:3280
94 60 84:3280
94 60 33 80 84:3280
94 60 33 80:3280
94 60 33 84:3280
94 60 33:3280
94 60 87 84 80:3032
94 60 87 84:3032
94 60 87 33 80 84:3032
94 60 87 33 80:3032
94 60 87 33 84:3032
94 60 87 33:3032
94 60 87 80:3224
94 60 87:3224
94 60 35 84 80:2936
94 60 35 84:2936
94 60 35 33 80 84:2936
94 60 35 33 80:2936
94 60 35 33 84:2936
94 60 35 33:2936
94 60 35 87 84 80:2832
94 60 35 87 84:2832
94 60 35 87 33 80 84:2832
94 60 35 87 33 80:2832
94 60 35 87 33 84:2832
94 60 35 87 33:2832
94 60 35 87 80:3024
94 60 35 87:3024
94 60 35 80:3128
94 60 35:3128
94 60 38 84 80:2632
94 60 38 84:2632
94 60 38 33 80 84:2632
94 60 38 33 80:2632
94 60 38 33 84:2632
94 60 38 33:2632
94 60 38 87 80:2576
94 60 38 87:2576
94 60 38 35 84 80:2488
94 60 38 35 84:2488
94 60 38 35 33 80 84:2488
94 60 38 35 33 80:2488
94 60 38 35 33 84:2488
94 60 38 35 33:2488
94 60 38 35 87 80:2576
94 60 38 35 87:2576
94 60 38 35 80:2680
94 60 38 35:2680
94 60 38 80:2824
94 60 38:2824
94 60 56 84 80:3136
94 60 56 84:3136
94 60 56 33 80 84:3136
94 60 56 33 80:3136
94 60 56 33 84:3136
94 60 56 33:3136
94 60 56 87 84 80:2960
94 60 56 87 84:2960
94 60 56 87 33 80 84:2960
94 60 56 87 33 80:2960
94 60 56 87 33 84:2960
94 60 56 87 33:2960
94 60 56 87 80:3152
94 60 56 87:3152
94 60 56 35 84 80:2864
94 60 56 35 84:2864
94 60 56 35 33 80 84:2864
94 60 56 35 33 80:2864
94 60 56 35 33 84:2864
94 60 56 35 33:2864
94 60 56 35 87 84 80:2760
94 60 56 35 87 84:2760
94 60 56 35 87 33 80 84:2760
94 60 56 35 87 33 80:2760
94 60 56 35 87 33 84:2760
94 60 56 35 87 33:2760
94 60 56 35 87 80:2952
94 60 56 35 87:2952
94 60 56 35 80:3056
94 60 56 35:3056
94 60 56 38 84 80:2488
94 60 56 38 84:2488
94 60 56 38 33 80 84:2488
94 60 56 38 33 80:2488
94 60 56 38 33 84:2488
94 60 56 38 33:2488
94 60 56 38 87 80:2504
94 60 56 38 87:2504
94 60 56 38 35 87 80:2504
94 60 56 38 35 87:2504
94 60 56 38 35 80:2608
94 60 56 38 35:2608
94 60 56 38 80:2680
94 60 56 38:2680
94 60 56 80:3328
94 60 56:3328
94 60 80:3472
94 60:3472
94 69 80 33 84:2608
94 69 80 33:2608
94 69 80 84:2608
94 69 80:2608
94 69 33 84:2608
94 69 33:2608
94 69 84:2608
94 69:2608
94 78 80 33 84:2608
94 78 80 33:2608
94 78 80 84:2608
94 78 80:2608
94 78 33 84:2608
94 78 33:2608
94 78 84:2608
94 78:2608
94 80:3968
94:3968
5 84 80:3608
5 84:3608
5 33 80 84:3602
5 33 80:3602
5 33 84:3602
5 33:3602
5 87 84 80:3416
5 87 84:3416
5 87 33 80 84:3416
5 87 33 80:3416
5 87 33 84:3416
5 87 33:3416
5 87 80:3464
5 87:3464
5 35 84 80:2968
5 35 84:2968
5 35 33 80 84:2962
5 35 33 80:2962
5 35 33 84:2962
5 35 33:2962
5 35 87 84 80:2872
5 35 87 84:2872
5 35 87 33 80 84:2872
5 35 87 33 80:2872
5 35 87 33 84:2872
5 35 87 33:2872
5 35 87 80:2920
5 35 87:2920
5 35 80:3016
5 35:3016
5 38 84 80:2584
5 38 84:2584
5 38 33 80 84:2578
5 38 33 80:2578
5 38 33 84:2578
5 38 33:2578
5 38 87 80:2440
5 38 87:2440
5 38 80:2632
5 38:2632
5 80:3656
5:3656
27 84 80:3328
27 84:3328
27 33 84 80:3328
27 33 84:3328
27 33 80:3336
27 33:3336
27 87 84 80:2728
27 87 84:2728
27 87 33 84 80:2728
27 87 33 84:2728
27 87 33 80:2736
27 87 33:2736
27 87 80:2928
27 87:2928
27 38 84 80:3096
27 38 84:3096
27 38 33 80 84:3096
27 38 33 80:3096
27 38 33 84:3096
27 38 33:3096
27 38 87 84 80:2496
27 38 87 84:2496
27 38 87 33 80 84:2496
27 38 87 33 80:2496
27 38 87 33 84:2496
27 38 87 33:2496
27 38 87 80:2688
27 38 87:2688
27 38 80:3288
27 38:3288
27 56 84 80:2728
27 56 84:2728
27 56 33 80 84:2728
27 56 33 80:2728
27 56 33 84:2728
27 56 33:2728
27 56 87 80:2480
27 56 87:2480
27 56 38 84 80:2552
27 56 38 84:2552
27 56 38 33 80 84:2552
27 56 38 33 80:2552
27 56 38 33 84:2552
27 56 38 33:2552
27 56 38 80:2744
27 56 38:2744
27 56 80:2920
27 56:2920
27 60 84 80:2680
27 60 84:2680
27 60 33 80 84:2680
27 60 33 80:2680
27 60 33 84:2680
27 60 33:2680
27 60 38 84 80:2552
27 60 38 84:2552
27 60 38 33 80 84:2552
27 60 38 33 80:2552
27 60 38 33 84:2552
27 60 38 33:2552
27 60 38 80:2744
27 60 38:2744
27 60 56 38 80:2480
27 60 56 38:2480
27 60 56 80:2596
27 60 56:2596
27 60 80:2872
27 60:2872
27 53 80 38 87 33 84:2496
27 53 80 38 87 33:2496
27 53 80 38 87 84:2496
27 53 80 38 87:2496
27 53 80 38 33 84:2496
27 53 80 38 33:2496
27 53 80 38 84:2496
27 53 80 38:2496
27 53 80 87 33 84:2496
27 53 80 87 33:2496
27 53 80 87 84:2496
27 53 80 87:2496
27 53 80 33 84:2496
27 53 80 33:2496
27 53 80 84:2496
27 53 80:2496
27 53 38 87 33 84:2496
27 53 38 87 33:2496
27 53 38 87 84:2496
27 53 38 87:2496
27 53 38 33 84:2496
27 53 38 33:2496
27 53 38 84:2496
27 53 38:2496
27 53 87 33 84:2496
27 53 87 33:2496
27 53 87 84:2496
27 53 87:2496
27 53 33 84:2496
27 53 33:2496
27 53 84:2496
27 53:2496
27 80:3528
27:3528
52 84 80:3316
52 84:3316
52 33 84 80:3298
52 33 84:3298
52 33 80:3306
52 33:3306
52 87 84 80:2680
52 87 84:2680
52 87 33 84 80:2680
52 87 33 84:2680
52 87 33 80:2688
52 87 33:2688
52 87 80:2880
52 87:2880
52 35 84 80:2876
52 35 84:2876
52 35 33 80 84:2858
52 35 33 80:2858
52 35 33 84:2858
52 35 33:2858
52 35 87 84 80:2528
52 35 87 84:2528
52 35 87 33 80 84:2528
52 35 87 33 80:2528
52 35 87 33 84:2528
52 35 87 33:2528
52 35 87 80:2720
52 35 87:2720
52 35 80:3068
52 35:3068
52 38 84 80:2636
52 38 84:2636
52 38 33 80 84:2618
52 38 33 80:2618
52 38 33 84:2618
52 38 33:2618
52 38 35 80:2540
52 38 35:2540
52 38 80:2828
52 38:2828
52 80:3516
52:3516
21 35 80 84 33:3272
21 35 80 84:3272
21 35 80 33:3272
21 35 80:3272
21 35 84 33:3272
21 35 84:3272
21 35 33:3272
21 35:3272
21 56 35 80 84 33:3128
21 56 35 80 84:3128
21 56 35 80 33:3128
21 56 35 80:3128
21 56 35 84 33:3128
21 56 35 84:3128
21 56 35 33:3128
21 56 35:3128
21 56 80 84 33:3232
21 56 80 84:3232
21 56 80 33:3232
21 56 80:3232
21 56 84 33:3232
21 56 84:3232
21 56 33:3232
21 56:3232
21 94 35 80 84 33:3080
21 94 35 80 84:3080
21 94 35 80 33:3080
21 94 35 80:3080
21 94 35 84 33:3080
21 94 35 84:3080
21 94 35 33:3080
21 94 35:3080
21 94 56 35 80 84 33:2936
21 94 56 35 80 84:2936
21 94 56 35 80 33:2936
21 94 56 35 80:2936
21 94 56 35 84 33:2936
21 94 56 35 84:2936
21 94 56 35 33:2936
21 94 56 35:2936
21 94 56 80 84 33:3040
21 94 56 80 84:3040
21 94 56 80 33:3040
21 94 56 80:3040
21 94 56 84 33:3040
21 94 56 84:3040
21 94 56 33:3040
21 94 56:3040
21 94 80 84 33:3184
21 94 80 84:3184
21 94 80 33:3184
21 94 80:3184
21 94 84 33:3184
21 94 84:3184
21 94 33:3184
21 94:3184
21 87 35 80 84 33 94:2976
21 87 35 80 84 33:2976
21 87 35 80 84 94:2976
21 87 35 80 84:2976
21 87 35 80 33 94:2976
21 87 35 80 33:2976
21 87 35 80 94:2976
21 87 35 80:2976
21 87 35 84 33 94:2976
21 87 35 84 33:2976
21 87 35 84 94:2976
21 87 35 84:2976
21 87 35 33 94:2976
21 87 35 33:2976
21 87 35 94:2976
21 87 35:2976
21 87 56 35 80 84 33 94:2832
21 87 56 35 80 84 33:2832
21 87 56 35 80 84 94:2832
21 87 56 35 80 84:2832
21 87 56 35 80 33 94:2832
21 87 56 35 80 33:2832
21 87 56 35 80 94:2832
21 87 56 35 80:2832
21 87 56 35 84 33 94:2832
21 87 56 35 84 33:2832
21 87 56 35 84 94:2832
21 87 56 35 84:2832
21 87 56 35 33 94:2832
21 87 56 35 33:2832
21 87 56 35 94:2832
21 87 56 35:2832
21 87 56 80 84 33 94:2936
21 87 56 80 84 33:2936
21 87 56 80 84 94:2936
21 87 56 80 84:2936
21 87 56 80 33 94:2936
21 87 56 80 33:2936
21 87 56 80 94:2936
21 87 56 80:2936
21 87 56 84 33 94:2936
21 87 56 84 33:2936
21 87 56 84 94:2936
21 87 56 84:2936
21 87 56 33 94:2936
21 87 56 33:2936
21 87 56 94:2936
21 87 56:2936
21 87 80 84 33 94:3080
21 87 80 84 33:3080
21 87 80 84 94:3080
21 87 80 84:3080
21 87 80 33 94:3080
21 87 80 33:3080
21 87 80 94:3080
21 87 80:3080
21 87 84 33 94:3080
21 87 84 33:3080
21 87 84 94:3080
21 87 84:3080
21 87 33 94:3080
21 87 33:3080
21 87 94:3080
21 87:3080
21 60 35 80 84 33:2936
21 60 35 80 84:2936
21 60 35 80 33:2936
21 60 35 80:2936
21 60 35 84 33:2936
21 60 35 84:2936
21 60 35 33:2936
21 60 35:2936
21 60 56 35 80 84 33:2864
21 60 56 35 80 84:2864
21 60 56 35 80 33:2864
21 60 56 35 80:2864
21 60 56 35 84 33:2864
21 60 56 35 84:2864
21 60 56 35 33:2864
21 60 56 35:2864
21 60 56 80 84 33:2968
21 60 56 80 84:2968
21 60 56 80 33:2968
21 60 56 80:2968
21 60 56 84 33:2968
21 60 56 84:2968
21 60 56 33:2968
21 60 56:2968
21 60 94 35 80 84 33:2744
21 60 94 35 80 84:2744
21 60 94 35 80 33:2744
21 60 94 35 80:2744
21 60 94 35 84 33:2744
21 60 94 35 84:2744
21 60 94 35 33:2744
21 60 94 35:2744
21 60 94 56 35 80 84 33:2672
21 60 94 56 35 80 84:2672
21 60 94 56 35 80 33:2672
21 60 94 56 35 80:2672
21 60 94 56 35 84 33:2672
21 60 94 56 35 84:2672
21 60 94 56 35 33:2672
21 60 94 56 35:2672
21 60 94 56 80 84 33:2776
21 60 94 56 80 84:2776
21 60 94 56 80 33:2776
21 60 94 56 80:2776
21 60 94 56 84 33:2776
21 60 94 56 84:2776
21 60 94 56 33:2776
21 60 94 56:2776
21 60 94 80 84 33:2848
21 60 94 80 84:2848
21 60 94 80 33:2848
21 60 94 80:2848
21 60 94 84 33:2848
21 60 94 84:2848
21 60 94 33:2848
21 60 94:2848
21 60 87 35 80 84 33 94:2640
21 60 87 35 80 84 33:2640
21 60 87 35 80 84 94:2640
21 60 87 35 80 84:2640
21 60 87 35 80 33 94:2640
21 60 87 35 80 33:2640
21 60 87 35 80 94:2640
21 60 87 35 80:2640
21 60 87 35 84 33 94:2640
21 60 87 35 84 33:2640
21 60 87 35 84 94:2640
21 60 87 35 84:2640
21 60 87 35 33 94:2640
21 60 87 35 33:2640
21 60 87 35 94:2640
21 60 87 35:2640
21 60 87 56 35 80 84 33 94:2568
21 60 87 56 35 80 84 33:2568
21 60 87 56 35 80 84 94:2568
21 60 87 56 35 80 84:2568
21 60 87 56 35 80 33 94:2568
21 60 87 56 35 80 33:2568
21 60 87 56 35 80 94:2568
21 60 87 56 35 80:2568
21 60 87 56 35 84 33 94:2568
21 60 87 56 35 84 33:2568
21 60 87 56 35 84 94:2568
21 60 87 56 35 84:2568
21 60 87 56 35 33 94:2568
21 60 87 56 35 33:2568
21 60 87 56 35 94:2568
21 60 87 56 35:2568
21 60 87 56 80 84 33 94:2672
21 60 87 56 80 84 33:2672
21 60 87 56 80 84 94:2672
21 60 87 56 80 84:2672
21 60 87 56 80 33 94:2672
21 60 87 56 80 33:2672
21 60 87 56 80 94:2672
21 60 87 56 80:2672
21 60 87 56 84 33 94:2672
21 60 87 56 84 33:2672
21 60 87 56 84 94:2672
21 60 87 56 84:2672
21 60 87 56 33 94:2672
21 60 87 56 33:2672
21 60 87 56 94:2672
21 60 87 56:2672
21 60 87 80 84 33 94:2744
21 60 87 80 84 33:2744
21 60 87 80 84 94:2744
21 60 87 80 84:2744
21 60 87 80 33 94:2744
21 60 87 80 33:2744
21 60 87 80 94:2744
21 60 87 80:2744
21 60 87 84 33 94:2744
21 60 87 84 33:2744
21 60 87 84 94:2744
21 60 87 84:2744
21 60 87 33 94:2744
21 60 87 33:2744
21 60 87 94:2744
21 60 87:2744
21 60 80 84 33:3040
21 60 80 84:3040
21 60 80 33:3040
21 60 80:3040
21 60 84 33:3040
21 60 84:3040
21 60 33:3040
21 60:3040
21 38 56 80 84 33 35:2872
21 38 56 80 84 33:2872
21 38 56 80 84 35:2872
21 38 56 80 84:2872
21 38 56 80 33 35:2872
21 38 56 80 33:2872
21 38 56 80 35:2872
21 38 56 80:2872
21 38 56 84 33 35:2872
21 38 56 84 33:2872
21 38 56 84 35:2872
21 38 56 84:2872
21 38 56 33 35:2872
21 38 56 33:2872
21 38 56 35:2872
21 38 56:2872
21 38 94 56 80 84 33 35:2680
21 38 94 56 80 84 33:2680
21 38 94 56 80 84 35:2680
21 38 94 56 80 84:2680
21 38 94 56 80 33 35:2680
21 38 94 56 80 33:2680
21 38 94 56 80 35:2680
21 38 94 56 80:2680
21 38 94 56 84 33 35:2680
21 38 94 56 84 33:2680
21 38 94 56 84 35:2680
21 38 94 56 84:2680
21 38 94 56 33 35:2680
21 38 94 56 33:2680
21 38 94 56 35:2680
21 38 94 56:2680
21 38 94 80 84 33 35:2824
21 38 94 80 84 33:2824
21 38 94 80 84 35:2824
21 38 94 80 84:2824
21 38 94 80 33 35:2824
21 38 94 80 33:2824
21 38 94 80 35:2824
21 38 94 80:2824
21 38 94 84 33 35:2824
21 38 94 84 33:2824
21 38 94 84 35:2824
21 38 94 84:2824
21 38 94 33 35:2824
21 38 94 33:2824
21 38 94 35:2824
21 38 94:2824
21 38 87 56 80 84 33 35 94:2576
21 38 87 56 80 84 33 35:2576
21 38 87 56 80 84 33 94:2576
21 38 87 56 80 84 33:2576
21 38 87 56 80 84 35 94:2576
21 38 87 56 80 84 35:2576
21 38 87 56 80 84 94:2576
21 38 87 56 80 84:2576
21 38 87 56 80 33 35 94:2576
21 38 87 56 80 33 35:2576
21 38 87 56 80 33 94:2576
21 38 87 56 80 33:2576
21 38 87 56 80 35 94:2576
21 38 87 56 80 35:2576
21 38 87 56 80 94:2576
21 38 87 56 80:2576
21 38 87 56 84 33 35 94:2576
21 38 87 56 84 33 35:2576
21 38 87 56 84 33 94:2576
21 38 87 56 84 33:2576
21 38 87 56 84 35 94:2576
21 38 87 56 84 35:2576
21 38 87 56 84 94:2576
21 38 87 56 84:2576
21 38 87 56 33 35 94:2576
21 38 87 56 33 35:2576
21 38 87 56 33 94:2576
21 38 87 56 33:2576
21 38 87 56 35 94:2576
21 38 87 56 35:2576
21 38 87 56 94:2576
21 38 87 56:2576
21 38 87 80 84 33 35 94:2720
21 38 87 80 84 33 35:2720
21 38 87 80 84 33 94:2720
21 38 87 80 84 33:2720
21 38 87 80 84 35 94:2720
21 38 87 80 84 35:2720
21 38 87 80 84 94:2720
21 38 87 80 84:2720
21 38 87 80 33 35 94:2720
21 38 87 80 33 35:2720
21 38 87 80 33 94:2720
21 38 87 80 33:2720
21 38 87 80 35 94:2720
21 38 87 80 35:2720
21 38 87 80 94:2720
21 38 87 80:2720
21 38 87 84 33 35 94:2720
21 38 87 84 33 35:2720
21 38 87 84 33 94:2720
21 38 87 84 33:2720
21 38 87 84 35 94:2720
21 38 87 84 35:2720
21 38 87 84 94:2720
21 38 87 84:2720
21 38 87 33 35 94:2720
21 38 87 33 35:2720
21 38 87 33 94:2720
21 38 87 33:2720
21 38 87 35 94:2720
21 38 87 35:2720
21 38 87 94:2720
21 38 87:2720
21 38 60 56 80 84 33 35:2608
21 38 60 56 80 84 33:2608
21 38 60 56 80 84 35:2608
21 38 60 56 80 84:2608
21 38 60 56 80 33 35:2608
21 38 60 56 80 33:2608
21 38 60 56 80 35:2608
21 38 60 56 80:2608
21 38 60 56 84 33 35:2608
21 38 60 56 84 33:2608
21 38 60 56 84 35:2608
21 38 60 56 84:2608
21 38 60 56 33 35:2608
21 38 60 56 33:2608
21 38 60 56 35:2608
21 38 60 56:2608
21 38 60 94 80 84 33 35:2488
21 38 60 94 80 84 33:2488
21 38 60 94 80 84 35:2488
21 38 60 94 80 84:2488
21 38 60 94 80 33 35:2488
21 38 60 94 80 33:2488
21 38 60 94 80 35:2488
21 38 60 94 80:2488
21 38 60 94 84 33 35:2488
21 38 60 94 84 33:2488
21 38 60 94 84 35:2488
21 38 60 94 84:2488
21 38 60 94 33 35:2488
21 38 60 94 33:2488
21 38 60 94 35:2488
21 38 60 94:2488
21 38 60 80 84 33 35:2680
21 38 60 80 84 33:2680
21 38 60 80 84 35:2680
21 38 60 80 84:2680
21 38 60 80 33 35:2680
21 38 60 80 33:2680
21 38 60 80 35:2680
21 38 60 80:2680
21 38 60 84 33 35:2680
21 38 60 84 33:2680
21 38 60 84 35:2680
21 38 60 84:2680
21 38 60 33 35:2680
21 38 60 33:2680
21 38 60 35:2680
21 38 60:2680
21 38 80 84 33 35:3016
21 38 80 84 33:3016
21 38 80 84 35:3016
21 38 80 84:3016
21 38 80 33 35:3016
21 38 80 33:3016
21 38 80 35:3016
21 38 80:3016
21 38 84 33 35:3016
21 38 84 33:3016
21 38 84 35:3016
21 38 84:3016
21 38 33 35:3016
21 38 33:3016
21 38 35:3016
21 38:3016
21 80 84 33:3376
21 80 84:3376
21 80 33:3376
21 80:3376
21 84 33:3376
21 84:3376
21 33:3376
21:3376
9 84 80:3236
9 84:3236
9 33 84 80:3218
9 33 84:3218
9 33 80:3226
9 33:3226
9 35 33 80 84:3190
9 35 33 80:3190
9 35 33 84:3190
9 35 33:3190
9 35 80 84:3208
9 35 80:3208
9 35 84:3208
9 35:3208
9 87 84 80 33:3044
9 87 84 80:3044
9 87 84 33:3044
9 87 84:3044
9 87 35 80 33 84:3016
9 87 35 80 33:3016
9 87 35 80 84:3016
9 87 35 80:3016
9 87 35 33 84:3016
9 87 35 33:3016
9 87 35 84:3016
9 87 35:3016
9 87 80 33:3052
9 87 80:3052
9 87 33:3052
9 87:3052
9 80:3244
9:3244
2 84 80:3102
2 84:3102
2 33 84 80:3096
2 33 84:3096
2 33 80:3098
2 33:3098
2 87 84 80:2970
2 87 84:2970
2 87 33 84 80:2970
2 87 33 84:2970
2 87 33 80:2972
2 87 33:2972
2 87 80:3020
2 87:3020
2 35 84 80:2652
2 35 84:2652
2 35 33 80 84:2646
2 35 33 80:2646
2 35 33 84:2646
2 35 33:2646
2 35 87 84 80:2520
2 35 87 84:2520
2 35 87 33 80 84:2520
2 35 87 33 80:2520
2 35 87 33 84:2520
2 35 87 33:2520
2 35 87 80:2568
2 35 87:2568
2 35 80:2700
2 35:2700
2 80:3152
2:3152
112 33 80 84:3130
112 33 80:3130
112 33 84:3130
112 33:3130
112 87 80 84 33:3104
112 87 80 84:3104
112 87 80 33:3104
112 87 80:3104
112 87 84 33:3104
112 87 84:3104
112 87 33:3104
112 87:3104
112 35 33 80 84:2938
112 35 33 80:2938
112 35 33 84:2938
112 35 33:2938
112 35 87 80 84 33:2912
112 35 87 80 84:2912
112 35 87 80 33:2912
112 35 87 80:2912
112 35 87 84 33:2912
112 35 87 84:2912
112 35 87 33:2912
112 35 87:2912
112 35 80 84:2956
112 35 80:2956
112 35 84:2956
112 35:2956
112 80 84:3148
112 80:3148
112 84:3148
112:3148
90 84 80 33:2768
90 84 80:2768
90 84 33:2768
90 84:2768
90 20 84 80 33:2576
90 20 84 80:2576
90 20 84 33:2576
90 20 84:2576
90 20 80 33:2584
90 20 80:2584
90 20 33:2584
90 20:2584
90 87 84 80 33 20:2576
90 87 84 80 33:2576
90 87 84 80 20:2576
90 87 84 80:2576
90 87 84 33 20:2576
90 87 84 33:2576
90 87 84 20:2576
90 87 84:2576
90 87 80 33 20:2584
90 87 80 33:2584
90 87 80 20:2584
90 87 80:2584
90 87 33 20:2584
90 87 33:2584
90 87 20:2584
90 87:2584
90 53 80 33 84 20 87:2496
90 53 80 33 84 20:2496
90 53 80 33 84 87:2496
90 53 80 33 84:2496
90 53 80 33 20 87:2496
90 53 80 33 20:2496
90 53 80 33 87:2496
90 53 80 33:2496
90 53 80 84 20 87:2496
90 53 80 84 20:2496
90 53 80 84 87:2496
90 53 80 84:2496
90 53 80 20 87:2496
90 53 80 20:2496
90 53 80 87:2496
90 53 80:2496
90 53 33 84 20 87:2496
90 53 33 84 20:2496
90 53 33 84 87:2496
90 53 33 84:2496
90 53 33 20 87:2496
90 53 33 20:2496
90 53 33 87:2496
90 53 33:2496
90 53 84 20 87:2496
90 53 84 20:2496
90 53 84 87:2496
90 53 84:2496
90 53 20 87:2496
90 53 20:2496
90 53 87:2496
90 53:2496
90 80 33:2776
90 80:2776
90 33:2776
90:2776
8 80:2556
8:2556
39 84 80 33 87:2504
39 84 80 33:2504
39 84 80 87:2504
39 84 80:2504
39 84 33 87:2504
39 84 33:2504
39 84 87:2504
39 84:2504
39 80 33 87:2512
39 80 33:2512
39 80 87:2512
39 80:2512
39 33 87:2512
39 33:2512
39 87:2512
39:2512
80:8124
